,A,C,D,E,F,G,H,I,K,L,M,N,P,Q,R,S,T,V,W,Y
A,-2.51,-3.38,-1.57,-1.51,-4.36,-2.15,-2.09,-4.41,-1.10,-3.96,-3.99,-1.44,-1.81,-1.70,-1.50,-1.89,-2.15,-3.62,-3.93,-2.85
C,-3.38,-5.44,-2.66,-2.08,-5.63,-3.16,-3.63,-5.03,-1.54,-5.03,-5.05,-2.59,-2.92,-2.73,-2.70,-2.86,-2.88,-4.46,-4.76,-3.89
D,-1.57,-2.66,-0.96,-1.23,-3.31,-1.62,-2.14,-2.91,-1.32,-2.59,-2.90,-1.33,-1.19,-1.26,-1.98,-1.46,-1.66,-2.25,-2.91,-2.25
E,-1.51,-2.08,-1.23,-1.18,-3.51,-1.22,-2.27,-3.23,-1.60,-2.91,-3.19,-1.43,-1.40,-1.33,-2.07,-1.48,-1.45,-2.56,-2.94,-2.42
F,-4.36,-5.63,-3.31,-3.51,-6.85,-3.72,-4.61,-6.39,-2.83,-6.26,-6.68,-3.55,-3.73,-3.30,-3.54,-3.56,-3.76,-5.75,-6.02,-4.95
G,-2.15,-3.16,-1.62,-1.22,-3.72,-2.17,-1.94,-3.65,-0.84,-3.43,-3.75,-1.56,-1.72,-1.54,-1.68,-1.70,-2.03,-3.06,-3.37,-2.50
H,-2.09,-3.63,-2.14,-2.27,-4.61,-1.94,-2.78,-3.76,-1.09,-3.84,-3.31,-2.01,-2.17,-1.85,-2.12,-1.94,-2.31,-3.38,-4.02,-3.33
I,-4.41,-5.03,-2.91,-3.23,-6.39,-3.65,-3.76,-6.22,-2.70,-6.17,-6.33,-2.99,-3.47,-3.22,-3.33,-3.43,-3.74,-5.58,-5.64,-4.63
K,-1.10,-1.54,-1.32,-1.60,-2.83,-0.84,-1.09,-2.70,0.13,-2.63,-3.11,-0.91,-0.67,-1.02,-0.06,-0.83,-1.02,-1.95,-2.49,-2.01
L,-3.96,-5.03,-2.59,-2.91,-6.26,-3.43,-3.84,-6.17,-2.63,-5.79,-6.01,-2.99,-3.06,-3.09,-3.15,-3.16,-3.43,-5.38,-5.50,-4.26
M,-3.99,-5.05,-2.90,-3.19,-6.68,-3.75,-3.31,-6.33,-3.11,-6.01,-6.06,-3.50,-4.11,-3.17,-3.49,-3.55,-3.73,-5.52,-6.37,-4.92
N,-1.44,-2.59,-1.33,-1.43,-3.55,-1.56,-2.01,-2.99,-0.91,-2.99,-3.50,-1.59,-1.43,-1.36,-1.41,-1.31,-1.51,-2.36,-3.11,-2.47
P,-1.81,-2.92,-1.19,-1.40,-3.73,-1.72,-2.17,-3.47,-0.67,-3.06,-4.11,-1.43,-1.18,-1.73,-1.85,-1.35,-1.66,-2.96,-3.66,-2.80
Q,-1.70,-2.73,-1.26,-1.33,-3.30,-1.54,-1.85,-3.22,-1.02,-3.09,-3.17,-1.36,-1.73,-0.89,-1.85,-1.37,-1.59,-2.67,-3.16,-2.53
R,-1.50,-2.70,-1.98,-2.07,-3.54,-1.68,-2.12,-3.33,-0.06,-3.15,-3.49,-1.41,-1.85,-1.85,-1.39,-1.22,-1.97,-2.78,-3.56,-2.75
S,-1.89,-2.86,-1.46,-1.48,-3.56,-1.70,-1.94,-3.43,-0.83,-3.16,-3.55,-1.31,-1.35,-1.37,-1.22,-1.48,-1.59,-2.79,-2.95,-2.30
T,-2.15,-2.88,-1.66,-1.45,-3.76,-2.03,-2.31,-3.74,-1.02,-3.43,-3.73,-1.51,-1.66,-1.59,-1.97,-1.59,-1.72,-2.95,-3.31,-2.48
V,-3.62,-4.46,-2.25,-2.56,-5.75,-3.06,-3.38,-5.58,-1.95,-5.38,-5.52,-2.36,-2.96,-2.67,-2.78,-2.79,-2.95,-4.94,-5.05,-4.05
W,-3.93,-4.76,-2.91,-2.94,-6.02,-3.37,-4.02,-5.64,-2.49,-5.50,-6.37,-3.11,-3.66,-3.16,-3.56,-2.95,-3.31,-5.05,-5.42,-4.44
Y,-2.85,-3.89,-2.25,-2.42,-4.95,-2.50,-3.33,-4.63,-2.01,-4.26,-4.92,-2.47,-2.80,-2.53,-2.75,-2.30,-2.48,-4.05,-4.44,-3.55
